Gamma = 0.2 
temp = np.linspace(0.22, 0.1,20)

4.101954730474721700e-01
4.165523396016683755e-01
4.225267362206900357e-01
4.281398200452853908e-01
4.334107153994714023e-01
4.383567939633417621e-01
4.429939077257458724e-01
4.473365851476155952e-01
4.513981987653659100e-01
4.551911108625071867e-01
4.587268026605162974e-01
4.620159915844794796e-01
4.650687404395241753e-01
4.678945616857513867e-01
4.705025193169237729e-01
4.729013300019554999e-01
4.750994639692720511e-01
4.771052443825666289e-01
4.789269413565962474e-01
4.805728528922316722e-01
