4.805728528922316722e-01
4.817327985506705823e-01
4.828060653216452169e-01
4.837964450216555301e-01
4.847082301159035822e-01
4.855458501783482816e-01
4.863138850390306689e-01
4.870168206298655100e-01
4.876590430657259390e-01
4.882448673115614146e-01
4.887781611002418591e-01
4.892623600423319785e-01
4.897002938583283616e-01
4.900941494290154132e-01
5.102837674221902819e-01
5.064802797033086668e-01
5.030138676073222515e-01
4.999045387189417489e-01
4.972038012881380697e-01
5.005178412106983110e-01
